-3.000000000000000000e+00
-2.939999999999999947e+00
-2.879999999999999893e+00
-2.819999999999999840e+00
-2.759999999999999787e+00
-2.699999999999999734e+00
-2.639999999999999680e+00
-2.579999999999999627e+00
-2.519999999999999574e+00
-2.459999999999999520e+00
-2.399999999999999467e+00
-2.339999999999999414e+00
-2.279999999999999361e+00
-2.219999999999999307e+00
-2.159999999999999254e+00
-2.099999999999999201e+00
-2.039999999999999147e+00
-1.979999999999999094e+00
-1.919999999999999041e+00
-1.859999999999998987e+00
-1.799999999999998934e+00
-1.739999999999998881e+00
-1.679999999999998828e+00
-1.619999999999998774e+00
-1.559999999999998721e+00
-1.499999999999998668e+00
-1.439999999999998614e+00
-1.379999999999998561e+00
-1.319999999999998508e+00
-1.259999999999998455e+00
-1.199999999999998401e+00
-1.139999999999998348e+00
-1.079999999999998295e+00
-1.019999999999998241e+00
-9.599999999999981881e-01
-8.999999999999981348e-01
-8.399999999999980815e-01
-7.799999999999980282e-01
-7.199999999999979750e-01
-6.599999999999979217e-01
-5.999999999999978684e-01
-5.399999999999978151e-01
-4.799999999999977618e-01
-4.199999999999977085e-01
-3.599999999999976552e-01
-2.999999999999976019e-01
-2.399999999999975486e-01
-1.799999999999974953e-01
-1.199999999999974420e-01
-5.999999999999738876e-02
2.664535259100375697e-15
6.000000000000271783e-02
1.200000000000027711e-01
1.800000000000028244e-01
2.400000000000028777e-01
3.000000000000029310e-01
3.600000000000029843e-01
4.200000000000030376e-01
4.800000000000030909e-01
5.400000000000031442e-01
6.000000000000031974e-01
6.600000000000032507e-01
7.200000000000033040e-01
7.800000000000033573e-01
8.400000000000034106e-01
9.000000000000034639e-01
9.600000000000035172e-01
1.020000000000003126e+00
1.080000000000003624e+00
1.140000000000004121e+00
1.200000000000003730e+00
1.260000000000003340e+00
1.320000000000003837e+00
1.380000000000004334e+00
1.440000000000003944e+00
1.500000000000003553e+00
1.560000000000004050e+00
1.620000000000004547e+00
1.680000000000004157e+00
1.740000000000003766e+00
1.800000000000004263e+00
1.860000000000004761e+00
1.920000000000004370e+00
1.980000000000003979e+00
2.040000000000004476e+00
2.100000000000004974e+00
2.160000000000004583e+00
2.220000000000004192e+00
2.280000000000004690e+00
2.340000000000005187e+00
2.400000000000004796e+00
2.460000000000004405e+00
2.520000000000004903e+00
2.580000000000005400e+00
2.640000000000005009e+00
2.700000000000004619e+00
2.760000000000005116e+00
2.820000000000005613e+00
2.880000000000005222e+00
2.940000000000004832e+00
