-3.822372384039175230e+00
-1.696887312248726465e+00
-2.474803846637300797e+00
-1.458097109303714278e+00
-4.319376231271077948e+00
-4.056974566694783846e+00
-2.986235472662134072e+00
-3.968872402077317396e+00
-2.487694552701570139e+00
-3.271778178892519318e+00
-8.893380512422872641e-01
-3.266509583921667126e+00
-2.140854113937232572e+00
-2.715061379302315281e+00
-1.914700518722491029e+00
-2.335492195780451308e+00
-1.003040182198956298e+00
-3.275110935245911570e+00
-1.958751535171691982e+00
-2.366448896558922321e+00
-1.202089441117228485e+00
-1.599474845696578162e+00
-9.670627857077995770e-02
-1.370873000393203922e+00
-2.275147375358098856e+00
3.434178634405893327e-02
-2.095031377101743253e+00
-2.285609997327766596e+00
-6.736083726511865599e-01
-7.491129477962322758e-01
-2.041078463583727576e-01
-1.719480943228090641e+00
-6.772953309659444088e-01
-7.362050374615207726e-01
-1.032968629836177321e+00
1.148885525227526738e+00
-7.630774591962435904e-01
-4.130234902608020398e-01
-4.042658154962074368e-01
-1.933979224845216560e+00
-1.519580418248447806e+00
-1.267341081710092521e+00
-2.303004152852831388e-01
-1.997271966748962679e+00
-9.460722033617537940e-01
3.504249388576465840e-01
2.567548425380826171e-01
5.097548079193650050e-01
-1.611990020421153469e+00
3.289121712244938434e-01
-6.064317628083856215e-01
-1.362943667291974359e+00
-5.879654927090981476e-01
3.538476657530973957e-01
3.700680904850769393e-01
2.116405983230793098e+00
7.686533053949556882e-02
-4.167368911213942262e-03
-1.487014547296594547e-01
-3.960049191188138584e-01
2.158512941289407294e+00
1.367941588699950861e+00
7.571137226500235240e-02
1.298045480187359324e+00
1.610307407528507317e-01
1.983526489538108173e+00
1.791906074490289935e+00
1.832463409166852353e-01
8.786659700295612607e-01
-3.985249333306009056e-01
3.613274839929276006e+00
1.771590549017349581e+00
1.455565584685747371e+00
3.890507200056928294e+00
5.668622274905853464e-01
1.673685591064979494e+00
3.265194428086493517e+00
1.842041289483846489e+00
1.374044191058181763e+00
3.694881698085921151e+00
2.401521707566127262e+00
1.387426303293060492e+00
9.701843861452642548e-01
2.198198632903662908e+00
2.863264861977458331e+00
1.684359426649275626e-01
2.574901264913463717e+00
2.755671563763207654e+00
2.022694838414475615e+00
4.793980141378650917e-01
4.565036744642967381e-01
-1.097340467876399828e-01
4.104659666080770819e+00
2.899305238928687078e+00
2.434741938777537751e+00
4.007857960617151605e+00
2.380760938177318931e+00
3.237387912902494058e+00
2.319846869154853053e+00
2.181192460481905293e+00
